image: HighBay_9_7_15_2.pgm
resolution: 0.020000
origin: [-2.260000, -10.510000, 0.000000]
negate: 0
occupied_thresh: 0.65
free_thresh: 0.196

