image: HighBay_9_7_15_1.pgm
resolution: 0.020000
origin: [-1.510000, -7.510000, 0.000000]
negate: 0
occupied_thresh: 0.65
free_thresh: 0.196

